0,
0,
0,
0,
0,
0,
0,
0,
0,
0,
0,
0,
0,
0,
0,
0,
0,
0,
14,
0,
0,
0,
0,
17,
0,
0,
26,
13,
16,
0,
0,
39,
5,
9,
23,
33,
0,
8,
22,
16,
45,
50,
64,
72,
71,
80,
101,
106,
118,
144,
134,
139,
132,
142,
141,
175,
154,
163,
158,
167,
164,
214,
160,
161,
178,
175,
158,
166,
176,
156,
159,
166,
177,
162,
195,
149,
165,
176,
191,
187,
198,
191,
185,
171,
182,
208,
198,
213,
184,
208,
208,
210,
212,
243,
208,
230,
228,
229,
207,
237,
208,
235,
226,
246,
231,
230,
231,
246,
253,
243,
266,
243,
266,
255,
250,
246,
246,
267,
260,
272,
275,
276,
289,
295,
294,
301,
326,
307,
303,
291,
309,
331,
310,
314,
302,
283,
291,
287,
286,
304,
368,
304,
315,
311,
310,
281,
298,
295,
253,
304,
284,
268,
276,
278,
303,
295,
275,
259,
247,
245,
240,
206,
231,
225,
208,
182,
189,
175,
177,
151,
150,
139,
111,
118,
112,
80,
79,
70,
67,
66,
45,
28,
48,
65,
48,
0,
14,
12,
0,
0,
3,
0,
0,
0,
0,
0,
0,
0,
0,
0,
0,
0,
0,
0,
0,
0,
0,
0,
0,
0,
0,
0,
0,
0,
0,
0,
0,
0,
0,
0,
0,
0,
0,
0,
0,
0,
0,
0,
0,
0,
0,
0,
0,
0,
0,
0,
0,
0,
0,
0,
0,
0,
0,
0,
0,
0,
0,
0,
0,
0,
0,
0,
0,
0,
0,
0,
0,
0,
0,
0,
0,
0,
0,
0,
0,
0,
0,
0,
0,
0,
0,
0,
0,
0,
0,
0,
0,
0,
0,
0,
0,
0,
0,
0,
0,
0,
0,
0,
0,
0,
13,
0,
0,
0,
0,
0,
0,
12,
0,
3,
0,
0,
22,
21,
0,
13,
18,
16,
12,
16,
9,
21,
48,
41,
49,
48,
50,
77,
86,
90,
93,
125,
117,
118,
85,
144,
144,
149,
170,
161,
176,
170,
177,
190,
202,
214,
268,
214,
213,
235,
218,
209,
218,
210,
223,
225,
226,
240,
197,
279,
274,
287,
280,
279,
289,
298,
290,
304,
253,
315,
309,
323,
330,
344,
371,
357,
339,
344,
358,
336,
352,
339,
337,
353,
339,
337,
339,
339,
347,
368,
351,
353,
342,
351,
341,
353,
338,
331,
320,
304,
335,
304,
291,
289,
279,
308,
259,
283,
253,
261,
270,
240,
218,
202,
194,
177,
155,
176,
158,
191,
157,
144,
128,
122,
133,
125,
114,
114,
95,
83,
75,
81,
81,
93,
83,
80,
69,
78,
61,
53,
74,
64,
65,
59,
48,
38,
48,
25,
47,
55,
44,
63,
41,
38,
16,
18,
16,
42,
38,
23,
16,
32,
16,
19,
48,
14,
12,
14,
18,
0,
14,
27,
27,
0,
29,
12,
17,
9,
0,
19,
16,
27,
32,
26,
13,
33,
26,
31,
73,
34,
18,
14,
26,
0,
21,
8,
11,
12,
9,
0,
0,
35,
15,
16,
15,
14,
0,
4,
8,
5,
371,
