951,
951,
890,
879,
863,
861,
775,
721,
691,
688,
638,
620,
638,
656,
574,
579,
592,
564,
555,
502,
563,
528,
534,
482,
438,
481,
467,
474,
456,
453,
439,
442,
435,
398,
427,
448,
450,
438,
443,
432,
436,
418,
468,
400,
403,
432,
370,
407,
439,
435,
458,
455,
535,
563,
576,
561,
592,
585,
598,
592,
624,
698,
752,
758,
725,
823,
809,
806,
818,
865,
870,
867,
878,
880,
987,
946,
874,
899,
903,
898,
902,
907,
895,
903,
912,
900,
935,
933,
912,
988,
913,
917,
909,
947,
802,
775,
755,
727,
754,
738,
743,
755,
704,
630,
559,
587,
559,
535,
507,
451,
479,
463,
476,
460,
399,
434,
386,
425,
416,
500,
372,
415,
425,
387,
419,
403,
400,
415,
417,
397,
395,
402,
380,
384,
369,
346,
401,
400,
418,
399,
418,
412,
423,
380,
448,
462,
487,
483,
576,
619,
629,
648,
658,
711,
743,
755,
752,
813,
826,
816,
826,
805,
884,
839,
844,
885,
894,
846,
895,
824,
896,
853,
881,
830,
906,
896,
854,
883,
878,
889,
874,
914,
904,
897,
890,
892,
880,
891,
848,
816,
724,
673,
640,
619,
578,
539,
547,
543,
495,
477,
478,
432,
437,
410,
430,
413,
419,
399,
422,
410,
438,
446,
400,
342,
411,
427,
368,
384,
322,
370,
381,
368,
354,
369,
383,
371,
375,
368,
370,
431,
378,
382,
378,
411,
401,
417,
464,
511,
773,
746,
773,
787,
785,
848,
832,
816,
848,
862,
835,
873,
863,
864,
862,
915,
934,
905,
955,
889,
912,
893,
893,
883,
912,
907,
869,
899,
880,
770,
786,
683,
624,
672,
611,
573,
561,
532,
505,
492,
549,
464,
432,
458,
445,
458,
511,
432,
430,
422,
401,
416,
409,
403,
390,
429,
419,
400,
400,
384,
395,
383,
425,
402,
379,
368,
407,
368,
373,
343,
380,
342,
446,
359,
347,
416,
430,
447,
456,
510,
464,
614,
618,
613,
595,
631,
623,
642,
713,
730,
753,
751,
835,
802,
769,
805,
845,
847,
858,
849,
867,
880,
880,
880,
877,
886,
890,
860,
883,
869,
899,
907,
941,
850,
894,
912,
931,
878,
847,
847,
828,
757,
633,
640,
625,
617,
601,
635,
642,
576,
529,
539,
499,
500,
464,
448,
407,
447,
463,
431,
421,
405,
390,
379,
459,
423,
384,
403,
388,
379,
384,
384,
375,
366,
363,
352,
379,
342,
325,
369,
369,
401,
368,
384,
386,
394,
391,
379,
448,
439,
577,
531,
593,
638,
689,
638,
688,
817,
765,
833,
782,
850,
820,
799,
859,
849,
833,
827,
860,
853,
823,
828,
865,
874,
857,
897,
854,
865,
908,
896,
885,
907,
894,
884,
902,
897,
892,
880,
893,
855,
765,
761,
708,
704,
642,
617,
577,
560,
522,
490,
482,
447,
460,
451,
431,
433,
444,
446,
403,
439,
407,
390,
397,
394,
383,
384,
356,
393,
368,
368,
372,
379,
363,
357,
364,
368,
369,
362,
370,
356,
418,
364,
359,
361,
354,
385,
410,
422,
423,
454,
551,
592,
988,
322